100.605200
157.495200
130.688000
105.585100
154.693800
154.786200
157.835600
92.392200
100.938400
133.360700
156.915600
134.390900
125.844400
157.367200
151.694300
148.034500
132.962600
149.595900
153.109800
155.912700
155.193100
96.956200
94.138000
89.635500
93.274800
128.587500
133.073700
92.683300
99.056300
109.108300
134.121300
152.602900
146.931300
118.641300
93.087400
154.582000
150.455000
111.615100
112.272600
155.181000
92.502700
148.971000
146.076800
135.071400
102.095200
94.101600
110.391700
153.464500
134.264300
93.929600
