120.095600
170.354800
116.115600
119.795300
99.192200
184.993100
188.639900
112.427000
166.044700
174.086600
107.201100
105.363400
172.137900
130.901300
177.372900
178.661300
181.942700
181.149500
115.403000
169.122200
115.265300
185.649700
105.018000
118.204300
175.503400
184.537500
175.245900
94.932500
166.025100
91.666700
180.861000
112.481400
170.156800
103.803200
183.463900
107.021000
115.222100
175.711800
116.247700
168.343900
168.532700
111.518800
177.147600
112.277100
131.483700
93.358800
94.887400
177.937300
105.522800
170.586800
