173.392400
108.988700
100.398000
168.352700
144.310000
158.522800
170.198800
179.643000
101.478000
156.605400
147.918100
88.143200
97.410700
156.685700
91.594600
107.528500
156.724500
154.070100
112.663400
101.394000
153.999800
174.988200
161.434300
106.483000
163.929200
168.725800
171.140700
173.879000
176.882300
163.043300
164.375100
171.108600
158.358400
154.366600
102.063300
160.069800
155.983100
136.739100
159.282800
120.259600
173.354000
137.221000
148.716700
182.348400
171.770500
156.534100
102.704100
109.877100
90.456400
98.640000
