156.296900
136.303100
156.359600
180.906200
125.498400
186.835800
140.495400
187.323600
187.508400
153.326600
200.653900
111.695600
93.181700
121.775000
117.537400
193.768000
193.846100
155.575400
181.175000
190.571700
150.654800
194.064700
154.671900
94.426700
155.490000
187.169600
98.704800
157.128500
188.065200
91.031300
200.611400
131.543800
120.548000
154.925500
196.123700
135.977000
189.512400
189.682900
132.207800
191.511700
154.063000
106.625900
189.847900
200.240700
150.484300
199.908600
188.981200
203.068800
151.566100
122.382900
